sphere
-5.9 0.0 -1.0
-5.9 0.0 1.0
-5.6 -2.0 -1.0
-5.6 -2.0 1.0
-5.6 2.0 -1.0
-5.6 2.0 1.0
-5.2 0.0 -3.0
-5.2 0.0 3.0
-4.9 -1.8 -3.0
-4.9 -1.8 3.0
-4.9 1.8 -3.0
-4.9 1.8 3.0
-4.5 -3.8 -1.0
-4.5 -3.8 1.0
-4.5 3.8 -1.0
-4.5 3.8 1.0
-4.0 -3.3 -3.0
-4.0 -3.3 3.0
-4.0 3.3 -3.0
-4.0 3.3 3.0
-3.9 0.0 -4.6
-3.9 0.0 4.6
-3.6 -1.3 -4.6
-3.6 -1.3 4.6
-3.6 1.3 -4.6
-3.6 1.3 4.6
-3.0 -5.1 -1.0
-3.0 -5.1 1.0
-3.0 -2.5 -4.6
-3.0 -2.5 4.6
-3.0 2.5 -4.6
-3.0 2.5 4.6
-3.0 5.1 -1.0
-3.0 5.1 1.0
-2.6 -4.5 -3.0
-2.6 -4.5 3.0
-2.6 4.5 -3.0
-2.6 4.5 3.0
-2.1 0.0 -5.6
-2.1 0.0 5.6
-1.9 -3.3 -4.6
-1.9 -3.3 4.6
-1.9 -0.7 -5.6
-1.9 -0.7 5.6
-1.9 0.7 -5.6
-1.9 0.7 5.6
-1.9 3.3 -4.6
-1.9 3.3 4.6
-1.6 -1.3 -5.6
-1.6 -1.3 5.6
-1.6 1.3 -5.6
-1.6 1.3 5.6
-1.0 -5.8 -1.0
-1.0 -5.8 1.0
-1.0 -1.8 -5.6
-1.0 -1.8 5.6
-1.0 1.8 -5.6
-1.0 1.8 5.6
-1.0 5.8 -1.0
-1.0 5.8 1.0
-0.9 -5.1 -3.0
-0.9 -5.1 3.0
-0.9 5.1 -3.0
-0.9 5.1 3.0
-0.7 -3.8 -4.6
-0.7 -3.8 4.6
-0.7 3.8 -4.6
-0.7 3.8 4.6
-0.4 -2.0 -5.6
-0.4 -2.0 5.6
-0.4 2.0 -5.6
-0.4 2.0 5.6
0.0 0.0 -6.0
0.0 0.0 6.0
0.4 -2.0 -5.6
0.4 -2.0 5.6
0.4 2.0 -5.6
0.4 2.0 5.6
0.7 -3.8 -4.6
0.7 -3.8 4.6
0.7 3.8 -4.6
0.7 3.8 4.6
0.9 -5.1 -3.0
0.9 -5.1 3.0
0.9 5.1 -3.0
0.9 5.1 3.0
1.0 -5.8 -1.0
1.0 -5.8 1.0
1.0 -1.8 -5.6
1.0 -1.8 5.6
1.0 1.8 -5.6
1.0 1.8 5.6
1.0 5.8 -1.0
1.0 5.8 1.0
1.6 -1.3 -5.6
1.6 -1.3 5.6
1.6 1.3 -5.6
1.6 1.3 5.6
1.9 -3.3 -4.6
1.9 -3.3 4.6
1.9 -0.7 -5.6
1.9 -0.7 5.6
1.9 0.7 -5.6
1.9 0.7 5.6
1.9 3.3 -4.6
1.9 3.3 4.6
2.1 0.0 -5.6
2.1 0.0 5.6
2.6 -4.5 -3.0
2.6 -4.5 3.0
2.6 4.5 -3.0
2.6 4.5 3.0
3.0 -5.1 -1.0
3.0 -5.1 1.0
3.0 -2.5 -4.6
3.0 -2.5 4.6
3.0 2.5 -4.6
3.0 2.5 4.6
3.0 5.1 -1.0
3.0 5.1 1.0
3.6 -1.3 -4.6
3.6 -1.3 4.6
3.6 1.3 -4.6
3.6 1.3 4.6
3.9 0.0 -4.6
3.9 0.0 4.6
4.0 -3.3 -3.0
4.0 -3.3 3.0
4.0 3.3 -3.0
4.0 3.3 3.0
4.5 -3.8 -1.0
4.5 -3.8 1.0
4.5 3.8 -1.0
4.5 3.8 1.0
4.9 -1.8 -3.0
4.9 -1.8 3.0
4.9 1.8 -3.0
4.9 1.8 3.0
5.2 0.0 -3.0
5.2 0.0 3.0
5.6 -2.0 -1.0
5.6 -2.0 1.0
5.6 2.0 -1.0
5.6 2.0 1.0
5.9 0.0 -1.0
5.9 0.0 1.0
